informationGain,seriesId,startPos,classVal,numChannels,dimension
0.8812908992306927,19,1,1.0,1,0
1.025304031702032,1.025304031702032,0.8458758261541766,0.3075912095106098,-0.41012161268081265,-1.3072626404200907,-1.4866908459679462,
0.8812908992306927,18,50,0.0,1,0
1.3588771022320387,1.1085576576100191,0.357599355691526,-0.6436784653933069,-1.394637629896079,-1.1443173759357237,0.357599355691526,
0.8812908992306927,19,21,1.0,1,0
9.181077236645955E-9,0.9999999954094608,0.9999999954094608,0.9999999954094608,9.181077236645955E-9,9.181077236645955E-9,-1.0000000137716165,-2.0,
0.8812908992306927,19,43,1.0,1,0
2.403736749565968,0.9851379896983835,-0.0788110443855766,-0.7881104047829717,-0.7881104047829717,-0.4334607180721417,-0.4334607180721417,-0.0788110443855766,-0.7881104047829717,
0.8812908992306927,18,15,0.0,1,0
-1.414213557359426,0.7071067749194611,2.1213203397993907,1.4142135724004337,1.5041007197165197E-9,-1.414213557359426,-0.7071067899604687,-0.7071067899604687,1.5041007197165197E-9,1.5041007197165197E-9,1.5041007197165197E-9,1.5041007197165197E-9,
0.8812908992306927,17,53,1.0,1,0
-1.4101906503472776,-1.1281518477577541,-0.5640758329977864,5.942225170395866E-8,0.8461140937961961,0.8461140937961961,1.4101900840881776,
0.8812908992306927,17,1,1.0,1,0
1.7180823927223643,1.3253779052887456,0.5399687771120126,-0.24544035106472015,-0.638144899822137,-1.0308494622070645,-1.0308494622070645,-0.638144899822137,
0.8812908992306927,15,44,1.0,1,0
1.8038590477783714,1.2323393756380545,0.5179397226827337,-0.1964598943983444,-0.7679796263290656,-1.0537394325040221,-0.9108594995213419,-0.6250996933463853,
0.8812908992306927,15,56,1.0,1,0
-1.7049858312606643,-1.159390394663993,-0.6137949124046799,-0.06819943014536689,0.4773960338488896,1.0229915115419386,1.0229915115419386,1.0229915115419386,
0.8812908992306927,14,3,1.0,1,0
1.784883470537699,1.2426404224190404,0.5196496369931425,-0.2033411484327555,-0.7455842396574824,-1.107079653923466,-0.9263319424798673,-0.5648365454563113,
0.8812908992306927,14,57,1.0,1,0
-1.7049858515811374,-1.159390385112635,-0.6137948926205912,-0.0681994313567972,0.4773960403164135,1.0229915067849156,1.0229915067849156,1.0229915067849156,
0.8812908992306927,15,15,1.0,1,0
-2.2792115183234656,-1.25356635331881,0.28490143710794735,0.797724041070162,0.797724041070162,0.28490143710794735,0.28490143710794735,0.28490143710794735,0.797724041070162,
0.8812908992306927,14,42,1.0,1,0
1.7332853193869286,1.438953892994843,0.7031251866258678,0.1144622411851141,-0.4742007014478643,-1.062863617406978,-0.9156979393081257,-0.9156979393081257,-0.6213664427216593,
0.8812908992306927,14,26,1.0,1,0
1.423024917521977,1.423024917521977,1.423024917521977,0.5533986550811717,-0.3162277317966562,-1.1858541601534915,-1.1858541601534915,-1.1858541601534915,-0.3162277317966562,-0.3162277317966562,-0.3162277317966562,
0.8812908992306927,13,43,1.0,1,0
2.0274955483167645,1.332354224231462,0.4634275582846839,-0.4054990859817935,-0.9268551207386566,-1.1006404934528684,-0.5792844586960054,-0.4054990859817935,-0.4054990859817935,
0.8812908992306927,12,41,1.0,1,0
1.5118579035831718,1.5118579035831718,0.9449111501850092,-1.988286674130293E-10,-0.5669467097552755,-0.9449111523721242,-1.133893463153438,-0.9449111523721242,-0.37796447949956213,
0.8812908992306927,13,3,1.0,1,0
2.0128325031865844,1.3788694628239093,0.7449065061130599,0.2694342653855528,-0.5230194301227736,-0.8400009883276683,-0.8400009883276683,-0.5230194301227736,-0.681510209225221,-0.9984916913830014,
0.8812908992306927,13,32,1.0,1,0
-0.6821865072065316,-0.6821865072065316,-0.6821865072065316,-0.6821865072065316,-0.6821865072065316,-0.28090031403799026,0.5216720530445569,-0.28090031403799026,0.922958207704028,2.528102903360052,
0.8812908992306927,12,4,1.0,1,0
2.447828128010619,1.4930015420333849,0.3472096840665888,-0.03472094128312794,-0.6076169290341763,-0.6076169290341763,-0.4166515395093136,-0.6076169290341763,-0.6076169290341763,-0.7985822281472693,-0.6076169290341763,
0.8812908992306927,10,4,1.0,1,0
1.375331810154803,1.0165495663195978,0.4185792490528342,-0.5381733120491345,-1.0165496097395892,-1.2557377037385118,
0.8812908992306927,10,23,1.0,1,0
1.3333333221867105,1.3333333221867105,1.3333333221867105,-0.3333333221867115,-0.3333333221867115,-0.3333333221867115,-2.000000033439867,-0.3333333221867115,-0.3333333221867115,-0.3333333221867115,
0.8812908992306927,9,10,0.0,1,0
1.6093907876749716,0.8243221023591186,-0.35328089783639144,-1.5308839091432092,-1.5308839091432092,-0.745815234938664,0.0392534281545734,0.0392534281545734,0.8243221023591186,0.8243221023591186,
0.8812908992306927,8,2,1.0,1,0
1.3369695451868364,1.3369695451868364,0.5570706745811005,-0.22282825855284205,-0.8467473905926853,-1.0027271892346978,-1.1587069265745473,
0.8812908992306927,7,1,1.0,1,0
1.001460915940301,1.001460915940301,1.001460915940301,0.14306585771299316,-0.4291975223405269,-1.1445267612358947,-1.5737243219574748,
0.8812908992306927,7,13,1.0,1,0
-1.2302496107122267,-1.2302496107122267,-0.6151242629650225,2.3540016054520734E-7,0.6151247677406241,0.922686999935575,1.5378114813131174,
0.8812908992306927,8,42,1.0,1,0
2.0337039304584352,1.1542643790442162,0.05496497866000146,-0.6046146805802671,-1.0443344562873764,-0.8244745641134263,-0.6046146805802671,-0.16489490660131595,
0.8812908992306927,7,41,1.0,1,0
1.736797169184616,1.5896109627569022,1.000866218341666,-0.02943722665233133,-0.47099583780591103,-0.7653682587909009,-0.9125544652186147,-1.0597406716463287,-0.7653682587909009,-0.3238096313781972,
0.8812908992306927,5,3,1.0,1,0
1.4666790587378356,1.213179020459908,0.5794287918430332,-0.3078215415127971,-0.814821750990708,-1.0683217892686359,-1.0683217892686359,
0.8812908992306927,6,41,1.0,1,0
1.2845664451780763,1.4530341175901107,0.9476309431792621,-0.2316431252068935,-0.40011084477135156,-1.073981754464133,-1.073981754464133,-0.9055140270409378,
0.8812908992306927,6,2,1.0,1,0
1.6429097572617462,1.4804242265992567,0.8304818613995274,0.018053950377947967,-0.4694027932031276,-0.9568595671029244,-1.1193450977654145,-0.7943739606436316,-0.6318883769233796,
0.8812908992306927,6,18,1.0,1,0
-2.2548851526736136,-1.1867816501235682,-0.11867817248614272,0.41537357878887987,0.9494253300639023,0.41537357878887987,0.41537357878887987,0.41537357878887987,0.9494253300639023,
0.8812908992306927,5,42,1.0,1,0
1.8757361560282833,1.4689499819210872,0.45198462130710504,-0.15819460785911416,-0.5649807606365936,-0.9717669560735065,-1.1751599898028129,-0.5649807606365936,-0.36158768424785387,
0.8812908992306927,5,11,1.0,1,0
-0.8277381024050364,-0.8277381024050364,-0.8277381024050364,-0.8277381024050364,-0.8277381024050364,-0.490511536201794,-0.1532848108571027,0.5211684453260648,0.85839508225884,1.1956217191916152,2.2073016123075577,
0.8812908992306927,5,51,1.0,1,0
-0.691094791815992,-1.4037862202802942,-1.641349988246423,-1.16622232774825,-0.2159671064046359,0.7342881622740258,0.9718519825578391,0.9718519825578391,0.7342881622740258,0.7342881622740258,0.9718519825578391,
0.8812908992306927,4,33,0.0,1,0
-1.0206207348094842,-1.0206207348094842,-1.0206207348094842,0.4082483077635166,1.837117281137903,0.4082483077635166,0.4082483077635166,
0.8812908992306927,3,43,1.0,1,0
1.6823820616677234,1.376494388920257,0.4588314773305063,-0.15294382714417712,-0.6117753034491772,-1.0706067469379776,-1.0706067469379776,-0.6117753034491772,
0.8812908992306927,2,24,1.0,1,0
1.5075567228888183,1.5075567228888183,0.3015113445777638,0.3015113445777638,-0.9045340337332907,-0.9045340337332907,-0.9045340337332907,-0.9045340337332907,
0.8812908992306927,4,20,0.0,1,0
0.38138503992956285,2.0976176946779965,0.38138503992956285,-0.4767313082234869,-1.3348476189746372,-1.3348476189746372,-0.4767313082234869,0.38138503992956285,0.38138503992956285,
0.8812908992306927,3,4,1.0,1,0
1.98334827879779,1.3624740655532743,0.586381228226043,-0.3449301499232138,-0.8105858056935665,-0.9658043798198679,-0.8105858056935665,-0.5001487157234463,-0.5001487157234463,
0.8812908992306927,2,42,1.0,1,0
1.3444446110156891,1.7552472074467942,1.3444446110156891,0.11203705746641977,-0.5041667411363673,-1.1203705310078933,-1.3257717855671411,-0.7095680044268761,-0.09336421018971941,-0.09336421018971941,-0.7095680044268761,
0.8812908992306927,2,4,1.0,1,0
2.0778695640188043,1.898485151539208,0.8221785851576868,-0.07474352299226555,-0.6128967756817109,-0.9716656006409026,-0.4335123632021149,-0.07474352299226555,-0.4335123632021149,-0.6128967756817109,-0.9716656006409026,-0.6128967756817109,
0.8812908992306927,1,30,0.0,1,0
1.6941981524711769,0.8763093051824377,0.0584206020816842,-0.7594681010190691,-0.7594681010190691,-0.7594681010190691,-0.7594681010190691,-1.577356818538621,0.8763093051824377,1.6941981524711769,0.8763093051824377,0.0584206020816842,-0.7594681010190691,-0.7594681010190691,
0.8812908992306927,1,8,0.0,1,0
-0.729324967293987,0.4375949799649528,1.6045148860799485,0.7293249642081913,-1.0210549515372254,-2.187974867938207,-1.8962448631229967,-0.729324967293987,-0.1458649988075101,-0.1458649988075101,-0.729324967293987,-0.729324967293987,-0.1458649988075101,0.4375949799649528,0.4375949799649528,0.7293249642081913,1.0210549484514297,1.0210549484514297,1.0210549484514297,1.0210549484514297,
0.8812908992306927,0,2,1.0,1,0
1.5079840115548862,1.0913041903648173,0.6746244342736261,-0.2976284232475448,-0.8532014791083101,-1.1309879940189171,-0.9920947398185576,
0.8812908992306927,0,37,1.0,1,0
-1.4836507393476985,-0.9370425600841085,-0.3904344064398875,-0.3904344064398875,0.7027819008485543,1.2493901057315135,1.2493901057315135,
0.8812908992306927,0,52,1.0,1,0
-1.6502740147567396,-1.340847618559303,-1.0314212223618664,-0.10314212078591416,0.8251369952927643,0.8251369952927643,0.8251369952927643,0.8251369952927643,0.8251369952927643,
0.6742054267268781,17,43,1.0,1,0
1.7811745114121333,1.088495513886296,0.22264681956021873,-0.4700321479192075,-0.9895414035751885,-0.9895414035751885,-0.643201889789064,
0.6742054267268781,19,53,1.0,1,0
-1.9203678955391652,-1.2666257180230003,-0.28601224767876143,0.36773002587034065,1.0214723114235598,0.6946011746490088,0.6946011746490088,0.6946011746490088,
0.6742054267268781,15,3,1.0,1,0
1.9396871637607673,1.6217056521249489,0.6677611305239418,-0.2861833511577233,-0.922146347816465,-0.922146347816465,-0.604164849487094,-0.2861833511577233,-0.2861833511577233,-0.922146347816465,
0.6742054267268781,15,32,1.0,1,0
-0.15075567049666164,-0.15075567049666164,-0.9045340387515063,-0.15075567049666164,-0.15075567049666164,-0.9045340387515063,-0.15075567049666164,-0.15075567049666164,-0.15075567049666164,2.864357770979647,
0.6742054267268781,14,13,1.0,1,0
-2.005971962015972,-1.660114707958647,-0.6225429952762481,0.41502868111379315,0.7608859054773719,0.7608859054773719,0.7608859054773719,0.41502868111379315,0.41502868111379315,0.7608859054773719,
0.6742054267268781,17,24,1.0,1,0
-1.4359163168823088,-1.4359163168823088,-1.4359163168823088,-0.6461623545870743,0.9333456042606386,0.9333456042606386,0.9333456042606386,0.14359164196540408,0.14359164196540408,0.9333456042606386,0.9333456042606386,
0.6742054267268781,13,13,1.0,1,0
-2.3833840323358846,-1.6771961855862456,-0.6179143815774433,0.08827348211436775,0.7944613458061787,0.7944613458061787,0.44136741734870755,0.08827348211436775,0.7944613458061787,0.7944613458061787,0.44136741734870755,0.44136741734870755,
0.6742054267268781,12,52,1.0,1,0
-1.5708299017876126,-1.5708299017876126,-0.8755445883612389,0.05150261690662803,0.5150262041788237,0.9785497892564855,0.9785497892564855,0.746787996169021,0.746787996169021,
0.6742054267268781,11,36,0.0,1,0
0.7882408116544358,-0.060633998451043086,0.36380344688476973,-0.060633998451043086,-1.3339458913446747,-1.3339458913446747,1.6371155210522312,
0.6742054267268781,10,56,1.0,1,0
-2.5065132570219113,0.44232587783558847,1.1795356404195092,0.44232587783558847,-0.29488391433096817,-0.29488391433096817,0.44232587783558847,1.1795356404195092,-0.29488391433096817,-0.29488391433096817,
0.6742054267268781,9,39,0.0,1,0
0.3973597023169569,0.7616061048714876,1.125852517736591,1.125852517736591,-1.0596258975905932,-1.0596258975905932,0.033113301824540704,0.3973597023169569,0.7616061048714876,-0.33113310279210456,-2.152365053701321,
0.6742054267268781,8,20,1.0,1,0
-2.0647415978117944,-1.1470786710611693,-0.22941575152362267,0.6882472040793177,0.6882472040793177,0.6882472040793177,0.6882472040793177,0.6882472040793177,
0.6742054267268781,8,52,1.0,1,0
-1.5328483363073364,-1.5328483363073364,-0.9810229793924136,0.12262787540608083,0.9503659758409182,0.9503659758409182,0.3985405733822782,0.6744532756959724,0.9503659758409182,
0.6742054267268781,7,53,1.0,1,0
-2.5148371948840533,-1.51721581966613,-0.7689997744772376,0.22862157318978646,0.7274322332478489,0.47802690321881763,0.47802690321881763,0.47802690321881763,0.7274322332478489,0.7274322332478489,0.47802690321881763,0.47802690321881763,
0.6742054267268781,6,52,1.0,1,0
-1.681345585404965,-2.161730119477523,-1.681345585404965,-0.48038446311031097,0.4803844593754559,0.7205766927980389,0.7205766927980389,0.7205766927980389,0.9607689262206219,0.9607689262206219,0.7205766927980389,0.4803844593754559,-7.469710233392516E-9,-7.469710233392516E-9,0.24019222595287282,
0.6742054267268781,4,49,0.0,1,0
0.8140915914693071,1.5655607173658854,1.0645812960578493,-0.1878672875396204,-1.1898261544175965,-1.1898261544175965,-0.9393364376981022,0.06262242917987364,
0.6742054267268781,4,6,0.0,1,0
0.7483314315876977,0.40089189183360785,0.40089189183360785,1.0957709881679174,1.0957709881679174,-0.2939872549790911,-1.3363059247197502,-2.031186047447976,-1.6837454812999704,0.05345230160112871,0.7483314315876977,0.40089189183360785,0.40089189183360785,
0.6742054267268781,0,15,1.0,1,0
-1.530931110242569,-0.9185586355303713,4.783620542995171E-9,0.30618622778885846,0.6123724364432355,1.5309310767572273,
0.6742054267268781,2,61,1.0,1,0
1.3416407889949753,1.3416407889949753,0.559016991256071,-0.22360680648283307,-1.0062305875877293,-1.0062305875877293,-1.0062305875877293,
0.6162713979646267,19,30,1.0,1,0
-0.7140055408686126,-0.7140055408686126,-0.3570027769896465,-0.7140055408686126,-0.3570027769896465,-0.3570027769896465,-0.7140055408686126,-0.3570027769896465,-0.7140055408686126,-1.3110680376314647E-8,0.7140055277579321,1.785013871837552,2.4990194258168446,
0.6162713979646267,16,58,0.0,1,0
-2.3622779435867156,-1.3228756530926602,-0.28347336910429893,0.7559289506653788,0.7559289506653788,0.7559289506653788,-0.28347336910429893,0.7559289506653788,0.7559289506653788,0.7559289506653788,-0.28347336910429893,
0.6162713979646267,16,4,0.0,1,0
2.901274063941505,0.5275043845762286,-0.26375218346641677,0.13187610179303888,0.13187610179303888,-0.6593804674877394,-0.26375218346641677,-0.26375218346641677,0.13187610179303888,-0.26375218346641677,-0.6593804674877394,-1.4506370850557042,
0.6162713979646267,12,28,1.0,1,0
-0.5901671027711616,-1.101645257376101,-0.5901671027711616,-0.0786889530093681,-0.5901671027711616,-0.5901671027711616,-0.0786889530093681,-1.101645257376101,-0.5901671027711616,0.9442673513573647,0.9442673513573647,0.9442673513573647,2.4787018805546532,
0.6162713979646267,16,30,0.0,1,0
-0.7108126743186852,-0.3127575653391841,-0.3127575653391841,-0.3127575653391841,-0.7108126743186852,-0.7108126743186852,-1.1088677695951807,-0.7108126743186852,-1.1088677695951807,0.08529753118303926,0.8814077615993191,1.677517879900099,1.677517879900099,1.677517879900099,
0.6162713979646267,11,45,0.0,1,0
1.6222142019887942,1.5396329338627626E-8,-0.6488856561613907,-0.9733285612237327,
0.6162713979646267,11,26,0.0,1,0
1.4018260567023666,0.8626621808673502,-0.21566554521683742,-0.7548294210518539,-1.2939932713010247,
0.6162713979646267,11,1,0.0,1,0
-0.17149858997768158,-0.34299717127439294,1.0289915067698905,2.057983033614524,0.6859943311550125,-0.34299717127439294,-1.0289915469193776,-1.2004900533427212,-0.6859943387508614,
0.6162713979646267,11,10,0.0,1,0
1.5128934519344444,0.5866321452631946,-0.9571366210459039,-1.57464416859461,-1.57464416859461,-0.3396292200152935,0.5866321452631946,0.5866321452631946,0.5866321452631946,0.5866321452631946,
0.6162713979646267,11,56,0.0,1,0
-0.7994563293907894,2.169952924927229,1.6750513747124285,0.6852482742828283,-0.30455480266138063,-1.2943578749085112,-0.7994563293907894,0.1903467475534195,0.1903467475534195,-0.30455480266138063,-1.2943578749085112,-0.30455480266138063,0.1903467475534195,
0.6162713979646267,10,43,1.0,1,0
1.1387164596236214,1.1387164596236214,0.43796788402128867,-0.26278071166642136,-0.9635293173968199,-1.489090774205291,
0.6162713979646267,9,2,0.0,1,0
0.9366196264032544,1.491653483858188,0.9366196264032544,0.10406883393640785,-0.7284819459615468,-1.5610326928661604,-1.0059988354112266,-0.17344809636217048,
0.6162713979646267,9,51,0.0,1,0
-1.5024441091329017,-2.1101743125901296,-1.8063091678545942,-0.5908488039470604,0.6246115943660105,1.5362069081532364,1.8400719668749286,0.9284767046960086,0.01688139262905981,-0.2869837108198309,-0.2869837108198309,0.01688139262905981,0.01688139262905981,0.32074649263739674,0.32074649263739674,0.32074649263739674,0.32074649263739674,0.32074649263739674,
0.6162713979646267,4,41,0.0,1,0
-1.1609591172887497,-0.9362573619195274,0.8613567702672126,1.535462065756464,0.4119532399410446,-0.7115555967564435,
0.6162713979646267,3,25,1.0,1,0
1.5689290870532353,1.5689290870532353,1.5689290870532353,0.3922322524330789,-0.7844645380036946,-0.7844645380036946,-0.7844645380036946,-0.7844645380036946,0.3922322524330789,-0.7844645380036946,-0.7844645380036946,-0.7844645380036946,
0.6162713979646267,1,0,0.0,1,0
-0.9615239464757284,-1.1675647940950027,0.48076197232977563,1.7170070507807136,0.48076197232977563,-0.5494422548695338,
0.6162713979646267,1,46,0.0,1,0
-1.1229798128468849,-0.49130371266452605,0.7720486436042405,1.7195629052378136,1.403724821738624,-0.17546560689332918,-1.1229798128468849,-0.8071418184357229,-0.17546560689332918,
0.5567796494470396,18,28,0.0,1,0
-1.1180339887498947,0.894427190999916,0.894427190999916,0.894427190999916,0.894427190999916,-1.1180339887498947,-1.1180339887498947,0.894427190999916,-1.1180339887498947,
0.5567796494470396,7,31,1.0,1,0
-0.9406469944651904,-0.5788596919759117,-0.21707236950396927,-0.5788596919759117,-0.9406469944651904,-0.5788596919759117,-0.21707236950396927,0.5065022354745885,1.2300768604358097,2.315438707955656,
0.5567796494470396,3,14,1.0,1,0
-1.5162595904864784,-1.1738783713068441,-0.4891159329475756,0.19564637685215971,0.880408778480133,0.880408778480133,1.222789960928472,
0.5567796494470396,0,21,1.0,1,0
-1.5075567402323309,1.2060453667487128,1.2060453667487128,1.2060453667487128,-0.15075565494536933,-0.15075565494536933,-1.5075567402323309,-0.15075565494536933,-0.15075565494536933,
0.5567796494470396,1,59,0.0,1,0
1.2857142857142858,-0.1428571428571428,-0.1428571428571428,-0.1428571428571428,-1.5714285714285714,-1.5714285714285714,-0.1428571428571428,1.2857142857142858,1.2857142857142858,-0.1428571428571428,
0.4680577739061724,17,60,1.0,1,0
-1.23759667737848,0.5625439314854168,1.4626142827683029,1.4626142827683029,-0.33752638075502117,-0.33752638075502117,-0.33752638075502117,-1.23759667737848,
0.4680577739061724,14,38,1.0,1,0
-0.3429971714879665,-1.3719886655017315,0.34299713058769665,1.371988706402002,
0.4680577739061724,13,56,1.0,1,0
-1.7371980643672575,-1.1358602880590485,-0.5345224828974172,-0.5345224828974172,0.0668153136081872,0.6681530985724229,1.269490903734054,1.269490903734054,0.6681530985724229,
0.4680577739061724,12,17,1.0,1,0
-0.27735005770944604,-1.386750524905765,0.27735012336459447,1.3867504592506166,
0.4680577739061724,9,25,0.0,1,0
1.7614097053377809,0.9607689163801681,0.9607689163801681,0.1601281500859637,0.1601281500859637,0.1601281500859637,-0.6405126116755591,-0.6405126116755591,-1.4411533825024452,-1.4411533825024452,
0.4680577739061724,6,11,1.0,1,0
0.6236095649240734,-0.6236094734972855,-1.2472191381596753,-1.2472191381596753,-9.973831653514951E-8,1.247219142315437,1.247219142315437,
0.4680577739061724,5,25,1.0,1,0
0.7844645286873962,0.7844645286873962,-0.39223224891875696,-0.39223224891875696,-0.39223224891875696,0.7844645286873962,0.7844645286873962,0.7844645286873962,-0.39223224891875696,-0.39223224891875696,-2.7456259275305954,0.7844645286873962,
0.4680577739061724,2,16,1.0,1,0
-1.4994003652809822,-1.079568251580641,-0.23990405987266553,-0.23990405987266553,0.5997601496816635,1.0195922455356512,1.439424341389639,
0.44643934467101554,19,64,1.0,1,0
-1.0580184172154103,-1.0580184172154103,-0.6348110606905786,0.21160366790108376,1.058018427576743,1.4812257996435731,
0.44643934467101554,18,40,0.0,1,0
-2.0703862122731395E-8,-0.9733285122555492,-0.6488856863391784,1.6222142192985896,
0.44643934467101554,16,18,0.0,1,0
-1.4142135612666369,-1.1064581772655085E-9,-1.1064581772655085E-9,1.4142135634795532,
0.44643934467101554,18,45,0.0,1,0
1.55077657925752,0.7200034101151306,-0.3876941565954066,-1.21846727861369,-0.6646185541635541,
0.44643934467101554,18,3,0.0,1,0
1.3102435292127286,0.9171705298965782,0.5240974469690802,-0.2620487372804124,-1.2447313843989871,-1.2447313843989871,
